--- scanner 0 ---
487,691,378
-705,-990,-501
20,-9,-149
-636,-925,-419
-730,-859,-433
711,795,-517
-750,331,690
-441,399,-679
846,-544,548
-701,-580,575
935,-441,643
528,772,236
-769,514,618
-664,-620,462
644,-772,-549
490,787,416
146,-164,-16
601,-653,-535
794,-489,717
-807,408,729
-421,451,-484
663,-833,-525
547,766,-619
-684,-507,483
-492,390,-610
536,773,-562

--- scanner 1 ---
-769,794,822
537,760,485
-556,685,-558
580,746,604
617,-468,417
592,-409,408
647,778,-963
638,-735,-951
-463,-619,324
472,733,-941
772,-685,-957
-485,811,-619
-738,-591,-846
483,676,-934
-377,-659,349
-635,-696,-900
-22,53,-40
-567,-625,-883
-484,-526,304
-505,616,-567
811,-454,423
-794,862,691
630,-792,-909
599,770,665
-700,876,757

--- scanner 2 ---
-874,790,713
554,351,614
-915,726,840
562,-358,848
-424,-696,-268
-834,869,802
326,-481,-670
-632,-402,850
-438,742,-531
-1,-3,-12
-513,816,-589
495,-307,756
-482,807,-358
-546,-461,905
695,403,682
580,-330,829
723,433,-598
475,-408,-652
-570,-724,-343
543,360,712
402,-421,-579
758,441,-709
-168,90,79
752,591,-636
-474,-741,-363
-557,-505,821

--- scanner 3 ---
-528,-600,-618
-604,705,-828
344,805,780
-495,-658,-640
-578,771,-714
-661,761,587
671,-333,-433
578,-335,-533
326,716,708
388,834,679
-102,40,55
-538,-673,589
613,487,-653
-696,628,716
680,-687,491
700,446,-767
-680,-691,632
718,-340,-473
-537,-755,-542
670,-666,501
-651,-517,590
743,-669,585
749,428,-598
3,162,-34
-696,756,552
-678,796,-750

--- scanner 4 ---
-626,969,628
727,-629,-710
659,880,-828
856,-769,-701
-524,-476,-534
782,644,690
719,804,-737
-385,-573,-483
732,731,-810
-736,652,-522
-780,887,632
-502,-481,744
-503,-386,765
53,157,-91
547,-341,547
-475,-408,-523
576,-333,548
-768,773,-558
-815,954,611
-835,755,-619
-128,33,-103
451,-325,410
-450,-320,788
803,-629,-672
810,626,671
833,711,598

--- scanner 5 ---
-801,-983,-369
742,670,528
352,-876,640
-828,-828,-358
-542,-469,633
-476,-408,629
439,-588,-252
-962,691,-429
704,704,619
553,270,-619
-85,-89,56
456,395,-574
-658,662,671
-851,716,-306
555,703,493
-783,-839,-334
327,-765,498
-526,641,525
464,253,-504
-465,-491,565
296,-530,-272
-884,667,-404
378,-856,397
411,-642,-262
-553,771,599

--- scanner 6 ---
522,325,-368
-12,-135,93
700,-606,-588
-739,-553,-393
684,-743,704
718,-730,558
-676,-664,-485
-559,-578,-389
-515,602,562
754,-641,627
-398,639,-608
-406,-494,408
672,338,-363
-531,-429,402
325,455,872
-667,641,-590
611,-528,-484
-93,-14,-24
-395,571,532
-504,567,665
315,463,811
642,403,-297
333,340,724
-371,-484,479
-475,575,-556
504,-612,-569

--- scanner 7 ---
820,-710,-530
-759,-563,-733
563,721,-424
-739,-806,-707
594,751,-304
-451,593,-563
117,-42,23
-648,509,552
647,-738,698
-435,489,-622
-78,94,-7
787,-675,-343
710,411,416
702,472,406
630,-755,568
-648,-705,-758
-740,-837,799
689,-840,604
-503,535,664
825,559,424
-777,-705,786
598,618,-413
-392,570,-630
821,-584,-381
-729,-753,741
-548,501,458

--- scanner 8 ---
34,42,2
-762,-436,-716
545,725,-614
-714,-388,-671
835,-431,600
802,-466,413
-456,314,716
836,-557,451
385,566,691
-398,334,859
-725,-304,-729
527,636,699
704,-301,-534
-724,-335,777
-703,579,-286
711,830,-641
660,726,-593
-744,-578,803
-856,560,-313
645,-386,-498
-840,593,-352
-41,-60,130
402,681,602
662,-403,-628
-633,-436,828
-510,324,744

--- scanner 9 ---
598,593,-270
-609,-319,494
-121,-66,173
-681,-848,-458
-824,556,-346
328,-526,-595
50,22,0
-480,-336,567
-658,-744,-504
-511,817,851
382,-511,538
-507,646,809
511,674,-363
-791,423,-298
-750,479,-250
296,-435,531
393,-432,714
273,-532,-504
493,521,695
507,636,831
350,580,745
556,750,-289
262,-621,-694
-486,617,802
-762,-759,-518
-496,-452,479

--- scanner 10 ---
341,491,344
882,467,-526
354,-432,899
-563,534,602
-44,8,-29
431,-531,882
704,-745,-797
788,440,-411
395,618,460
653,-823,-779
741,425,-426
92,93,90
-582,-590,-708
739,-754,-642
-492,-767,681
-542,535,717
-523,586,-538
-583,-677,-779
-613,-777,-781
493,500,417
-521,482,-415
402,-588,864
-515,430,551
-539,472,-622
-487,-713,631
-336,-811,603

--- scanner 11 ---
475,-297,895
668,-637,-635
435,598,-762
-608,664,632
-891,-570,-711
-754,-628,582
279,899,487
356,844,327
-862,-487,-586
-692,716,-548
679,-686,-703
404,-442,856
-711,722,-744
490,-326,855
-516,775,695
504,687,-798
-607,800,-655
-831,-556,633
-930,-506,-754
581,585,-728
719,-776,-538
-512,750,515
-760,-658,540
285,834,362
-90,7,1

--- scanner 12 ---
555,-400,-753
-522,773,633
672,510,432
-98,146,-113
-793,-473,494
290,-402,692
651,-473,-678
694,431,535
-462,872,559
686,694,533
284,881,-333
498,827,-336
421,799,-392
257,-566,756
-732,-729,-688
549,-434,-657
-841,762,-479
-813,-686,-680
-801,-573,400
-839,814,-654
-709,-670,-621
254,-336,698
-767,-618,606
-855,754,-475
-12,10,18
-471,833,777

--- scanner 13 ---
-806,-583,-382
-910,778,-794
399,-656,-338
437,241,-695
526,-846,898
646,683,432
-794,-487,-438
684,764,575
387,-701,-506
-921,663,-773
-792,-903,710
405,-569,-392
442,299,-637
-84,-105,34
556,-694,941
458,-705,950
-865,-909,860
-754,-874,868
557,723,511
-745,362,485
-736,-635,-513
-687,287,559
464,449,-714
-931,536,-819
-514,331,494

--- scanner 14 ---
-744,-464,-592
-488,811,-720
747,-355,-383
534,643,-492
-701,-383,-584
-588,-395,496
818,-725,873
698,643,-620
-396,943,837
618,659,827
-49,136,76
857,-734,655
660,688,653
663,678,-625
-488,-403,590
739,-341,-379
799,-357,-558
-685,-487,-525
-407,859,779
-359,811,824
758,-674,729
661,801,809
-377,669,-695
-397,912,-669
121,70,8
-633,-429,702

--- scanner 15 ---
384,490,510
-855,-462,-762
283,547,407
525,-411,-670
-84,78,-21
-777,-371,-688
362,630,492
424,-473,330
-677,-750,420
-692,-654,595
-873,690,553
476,-648,328
-692,820,-572
-838,843,561
605,559,-790
-880,665,596
534,416,-825
-741,-396,-788
-792,775,-648
-738,-789,611
484,-652,314
507,513,-661
689,-539,-670
74,168,-91
-744,650,-605
560,-406,-705

--- scanner 16 ---
-299,-806,592
329,667,377
629,-790,-717
-289,-778,646
629,-662,-553
594,-795,-682
-747,653,-778
-309,-921,704
-455,-868,-590
-568,290,262
99,-58,-13
461,-890,469
-737,632,-768
413,609,388
-535,251,246
613,657,-637
461,654,340
-34,-36,-162
471,639,-680
603,-865,358
-411,-839,-489
-554,224,399
-393,-750,-561
360,-839,378
584,483,-679
-810,635,-684

--- scanner 17 ---
-465,422,565
-594,642,-873
574,-636,-623
465,-905,595
-489,-521,608
-465,641,-835
-546,-590,547
-481,345,450
844,364,-415
-506,-361,-525
424,-850,639
407,631,440
-48,-32,-7
-567,-400,-716
728,447,-457
420,652,324
-512,591,-798
-564,283,572
540,-552,-530
-552,-496,-541
-444,-568,658
760,409,-574
665,-651,-603
359,580,334
431,-815,461

--- scanner 18 ---
-723,-617,-606
733,-685,553
794,659,-525
153,39,17
-414,580,-625
-731,539,662
-466,-577,481
525,-648,-360
-760,-664,-656
-747,599,483
647,-565,-298
640,-664,-437
802,922,-527
-354,481,-551
529,554,400
-363,520,-769
-798,-535,-657
-733,591,487
-450,-623,346
-30,122,116
54,177,-59
-641,-562,385
683,-640,506
392,472,341
780,843,-424
606,526,344
622,-583,575

--- scanner 19 ---
393,-422,-416
614,652,689
-453,823,-633
-591,591,777
868,661,-720
872,652,-765
722,-397,642
-455,729,-591
-614,489,819
-752,-796,837
-434,-527,-596
719,-470,558
849,774,-686
740,-460,548
537,722,710
-375,-391,-541
-393,-440,-710
-781,-752,736
-396,811,-720
388,-562,-476
592,582,617
386,-469,-376
-86,62,-37
-559,573,721
-663,-814,765
9,-110,58

--- scanner 20 ---
-551,607,-862
-88,95,-3
424,708,500
-540,-323,674
505,-288,601
561,764,-751
731,797,-699
576,-305,533
-495,664,553
327,544,527
-628,699,682
686,721,-799
470,579,598
-769,-610,-687
-451,-341,746
-810,-697,-801
84,33,-94
-485,581,-748
-828,-746,-632
-500,699,518
409,-279,-664
516,-231,-806
466,-237,-672
-422,-385,645
610,-342,704
-460,681,-784

--- scanner 21 ---
-872,-942,-570
-409,-612,627
821,489,873
-635,598,685
532,726,-678
-891,-990,-345
457,-540,795
675,-490,-612
-615,416,693
444,-408,758
502,-492,747
-701,432,742
100,-97,-80
-518,-578,738
-378,538,-769
-324,665,-885
545,-507,-629
-476,656,-812
-12,-65,96
860,456,889
639,-405,-671
-802,-957,-514
580,622,-627
559,621,-512
887,475,736
-422,-579,827

--- scanner 22 ---
661,315,-819
820,359,-750
-714,876,-774
-770,828,-815
-820,-651,380
-400,-660,-735
-637,780,-848
363,-595,-906
640,-365,447
391,854,266
-398,-760,-828
731,-443,521
422,-540,-770
-600,856,574
-519,763,487
-723,-553,338
381,-426,-857
-405,-720,-875
603,327,-711
-443,837,532
-84,-80,-72
-665,-575,371
433,793,405
449,675,295
706,-479,421
69,48,-44

--- scanner 23 ---
-639,-708,-780
-390,-377,515
632,655,668
676,815,-901
-811,604,468
696,-725,-662
-684,-782,-856
-707,722,530
622,-821,-585
684,552,647
701,615,740
-726,-801,-699
634,-553,653
583,715,-899
-490,608,-576
-523,630,-634
-771,586,479
-532,706,-479
-401,-567,426
530,-567,638
-456,-476,420
723,775,-894
20,-21,-1
553,-613,742
663,-773,-529
-164,63,-101

--- scanner 24 ---
-413,-612,645
709,-446,467
-743,883,386
-520,-494,-821
821,818,306
721,959,348
167,167,-132
-613,933,451
832,-444,363
-454,506,-852
-694,887,358
-498,-362,-761
625,-462,353
-2,137,-25
-470,-503,-890
466,-536,-896
-529,-732,603
-388,595,-734
450,781,-864
468,730,-942
539,-505,-709
836,865,321
468,-506,-796
605,816,-873
-424,-611,593
-466,716,-786

--- scanner 25 ---
457,-708,-871
-893,-745,-852
-643,609,-746
-425,429,573
788,-685,307
830,-693,364
-529,-647,690
-544,-866,645
-470,322,440
-445,408,480
836,-827,414
744,653,-642
-881,-832,-909
-38,25,-47
682,624,-524
321,-653,-930
370,-822,-912
-538,-672,631
762,512,474
-559,707,-691
-661,665,-714
779,580,403
-799,-703,-850
-89,-147,-128
726,725,-553
725,683,508

--- scanner 26 ---
807,-677,543
-434,796,-819
-605,-566,715
484,-520,-321
-554,-766,-728
-394,803,-772
624,467,-844
-594,-838,-797
788,-825,514
-503,381,436
-657,-745,-780
-7,61,81
755,-646,528
-487,-628,611
-623,-577,675
-601,478,394
91,-97,9
-579,536,427
540,470,-771
629,619,550
671,445,579
530,449,-781
579,-536,-343
-494,801,-679
628,463,437
418,-547,-318

--- scanner 27 ---
-76,6,-14
-912,890,505
-689,-428,513
474,720,-821
-445,-304,-432
-653,814,-726
-658,-555,372
454,-688,-720
-591,-379,-404
-970,744,449
-567,869,-667
298,754,792
231,733,827
-578,785,-623
541,812,-770
381,-615,-707
412,-436,780
-917,837,549
-687,-367,376
430,-497,847
216,750,638
533,-400,748
305,-706,-647
559,793,-798
-495,-399,-387

--- scanner 28 ---
-617,-572,-936
53,19,-26
743,835,-690
688,-413,-776
-845,883,722
894,933,-662
691,-350,563
-714,-577,652
715,-308,-610
-528,-457,-919
-661,634,-701
647,799,720
709,-360,356
617,899,722
738,889,-740
707,-464,479
-858,849,707
-746,-649,616
-43,82,-175
-720,546,-652
-749,793,742
648,712,649
667,-412,-661
-625,-502,-794
-710,518,-622
-849,-506,564

--- scanner 29 ---
-38,-24,-144
519,-671,-764
623,-664,-808
-435,441,-887
325,611,752
-984,-831,359
388,-594,494
571,383,-452
393,-627,-790
-852,-868,372
-885,556,460
-813,-900,-507
-450,497,-957
-987,598,554
264,619,742
362,-739,606
412,734,734
354,-639,700
516,354,-572
-814,-811,-603
-902,539,590
-780,-700,-494
-173,-73,-7
-402,272,-976
568,498,-510
-900,-820,417

--- scanner 30 ---
-452,-310,-592
955,-695,483
635,652,-221
-531,703,476
597,633,896
-391,-377,-610
-808,717,-368
795,-519,-806
-316,-760,736
-356,-670,571
799,-365,-724
-600,614,512
488,664,884
778,-330,-791
-797,885,-277
392,674,856
-454,601,546
-367,-621,639
932,-642,549
65,61,163
624,831,-312
911,-643,644
564,755,-330
-355,-409,-489
-785,725,-253
116,180,1

--- scanner 31 ---
-640,563,868
-69,-5,-92
-497,615,765
-838,-611,-696
458,-520,358
423,-487,545
-574,-937,636
585,786,839
667,770,789
-644,-795,644
-733,-777,-669
661,569,-410
549,-486,396
-689,-920,547
293,-618,-589
395,-660,-683
378,-677,-553
-734,-662,-648
-682,478,-688
-796,562,-672
-569,651,733
671,680,764
770,538,-422
866,528,-450
37,-119,68
-786,355,-690

--- scanner 32 ---
-837,932,387
-798,673,-737
463,639,-593
667,-571,276
-59,21,-58
-696,833,-745
-561,-584,-535
-460,-599,-712
287,-697,-715
-520,-580,608
669,-582,395
355,-529,-734
-937,876,277
457,597,-563
-612,-691,519
755,640,424
606,619,519
386,690,-665
-539,-624,-759
-548,-602,619
-869,855,383
326,-654,-651
694,744,462
-866,845,-782
710,-661,243

--- scanner 33 ---
-528,-726,-488
833,-679,-721
459,448,-323
858,-711,-602
-609,402,598
576,795,912
524,478,-257
-338,-387,401
-622,436,744
-520,366,667
584,805,851
697,-457,608
115,-31,25
-407,509,-444
-563,-619,-344
-498,-363,413
916,-799,-718
-506,-478,390
446,598,-328
-485,420,-548
812,-399,605
-491,616,-529
-684,-601,-486
841,-519,660
461,787,764
-24,46,111

--- scanner 34 ---
841,890,670
-722,757,-796
611,-301,-843
-461,-469,605
-99,157,-4
-567,447,464
-647,558,405
654,738,-533
857,770,625
435,-364,-845
476,-284,-785
-605,671,-700
-697,-651,-548
633,832,-624
615,-701,597
-604,-549,-477
838,748,552
-655,-621,-554
-621,-477,707
-449,-432,775
627,-568,700
-542,782,-792
623,-643,795
-663,566,542
71,-11,-96
634,742,-770

--- scanner 35 ---
-650,537,332
606,-373,-595
774,-305,-614
-495,-723,642
701,521,-570
-675,-719,667
-756,678,-584
661,543,-794
728,674,665
-570,478,443
703,731,473
764,-524,614
-613,-404,-664
-768,848,-547
104,96,34
-63,-28,-30
659,695,466
-612,-627,556
-520,-475,-766
731,-344,-678
676,442,-617
-596,780,-592
-562,-481,-736
568,-543,608
675,-628,692
-554,615,451

--- scanner 36 ---
283,785,-403
227,-647,-636
-470,519,-585
-909,335,519
730,-425,689
-747,-892,591
-44,-163,36
-617,-875,574
-899,274,511
374,796,-571
415,526,776
-878,-500,-624
353,578,632
-164,-26,-23
-540,442,-687
-890,-609,-655
-850,-404,-614
800,-440,633
295,581,747
-891,422,396
819,-392,858
259,773,-563
318,-636,-457
-711,-977,532
-506,588,-674
336,-576,-533

--- scanner 37 ---
740,545,620
552,-736,-843
-490,-590,-452
704,666,652
-715,549,-881
434,773,-775
-601,739,493
-802,-632,558
525,697,-835
643,648,719
728,-583,408
452,624,-848
739,-515,359
590,-736,-919
-831,-507,475
-693,611,543
-782,760,526
779,-680,269
-870,-464,539
-447,-500,-419
561,-876,-972
-627,471,-852
-488,-579,-571
-88,-51,-4
-617,549,-836

--- scanner 38 ---
6,2,-68
-96,117,-175
457,891,-835
362,-552,-896
243,810,694
635,929,-847
318,-590,-978
-515,-507,-596
-642,587,742
-36,177,16
584,-402,801
-710,658,725
-497,-369,689
-569,-458,707
-598,-340,645
-793,757,-462
614,870,-725
696,-287,791
-900,624,-507
-539,692,688
-814,664,-482
387,792,729
-613,-562,-680
638,-430,811
-557,-530,-698
398,837,705
524,-562,-961

--- scanner 39 ---
-628,568,651
89,-18,114
617,568,808
539,612,-727
-595,571,583
-43,48,-3
-806,-610,-397
394,-541,-610
362,-659,499
-660,-345,847
-712,556,-590
-635,-418,882
349,-545,422
412,-490,566
-760,599,-465
566,776,-824
-848,-645,-575
416,-559,-750
-564,768,623
637,741,-681
445,657,809
582,648,837
-841,-602,-550
-660,523,-420
315,-456,-693
-648,-328,721